start=929.800000
volume=118.000000
fullscreen=yes
