start=78.666667
speed=2.143589
volume=84.000000
fullscreen=yes
