start=3656.625000
pause=yes
volume=96.000000
