start=164.400000
speed=2.143589
fullscreen=yes
