start=804.920000
volume=112.000000
fullscreen=yes
