start=240.466667
volume=130.000000
fullscreen=yes
