start=3692.875000
volume=94.000000
fullscreen=yes
