start=3.133000
pause=yes
volume=110.000000
fullscreen=yes
aid=1
sid=1
