start=144.200000
speed=2.357948
fullscreen=yes
