start=135.000000
speed=2.143589
fullscreen=yes
