start=4320.983000
volume=88.000000
fullscreen=yes
