start=7576.944000
aid=1
sid=1
sub-pos=123
sub-scale=1.500000
