start=501.251000
pause=yes
volume=84.000000
