start=3484.667000
pause=yes
volume=104.000000
fullscreen=yes
sid=2
sub-scale=1.200000
