start=3363.902000
volume=88.000000
