start=1171.480000
pause=yes
fullscreen=yes
panscan=0.400000
sub-scale=2.100000
