start=1008.600000
speed=1.771561
volume=106.000000
