start=1849.366667
fullscreen=yes
sub-scale=0.900000
