start=2435.350000
volume=98.000000
fullscreen=yes
aid=3
