start=115.566667
speed=2.143589
fullscreen=yes
