start=3503.417000
volume=96.000000
fullscreen=yes
