start=1282.907000
pause=yes
volume=106.000000
fullscreen=yes
sub-pos=101
video-aspect-override=1.777778
