start=900.900000
volume=108.000000
fullscreen=yes
panscan=0.300000
aid=1
