start=1486.735000
speed=5.187485
volume=82.000000
aid=1
sid=no
sub-delay=-0.000000
sub-scale=1.000000
