start=75.000000
speed=1.948717
fullscreen=yes
