start=5028.733000
speed=1.948717
fullscreen=yes
contrast=-1
panscan=0.400000
aid=1
