start=2520.351000
volume=106.000000
fullscreen=yes
