start=2499.122000
volume=102.000000
