start=0.493856
volume=104.000000
