start=58.333333
speed=1.948717
volume=86.000000
fullscreen=yes
