start=1598.555000
volume=94.000000
