start=758.133333
speed=2.143589
fullscreen=yes
