start=3106.520000
pause=yes
volume=102.000000
