start=2417.123000
pause=yes
volume=86.000000
contrast=-1
panscan=0.100000
