start=12.304000
volume=98.000000
fullscreen=yes
