start=3405.125000
volume=110.000000
fullscreen=yes
