start=2.200000
speed=2.143589
fullscreen=yes
