start=979.728744
volume=98.000000
fullscreen=yes
