start=1298.506000
volume=92.000000
fullscreen=yes
